a0_min = 2.75474547
V_min = 20.90334743
B = 139.35805275 GPa
[E-a0] coef = -14.9766666671 134.3161857179 -399.0569947719 385.2764546950 
[E-V ] coef = -0.0019496918 0.1430989492 -3.4267409678 19.0786950126 
