a0_min = 2.84253780
V_min = 22.97963352
B = 91.67240166 GPa
[E-a0] coef = -8.1664444445 76.7019571433 -238.1012936520 236.3134116917 
[E-V ] coef = -0.0008905394 0.0738593348 -1.9837367019 9.0787512380 
