a0_min = 3.64322758
V_min = 48.35729675
B = 46.38619313 GPa
[E-a0] coef = 6.3645833251 -64.8039284816 218.7575288386 -252.7616935580 
[E-V ] coef = 0.0000606995 -0.0058081651 0.1359103104 -8.0100586627 
