a0_min = 3.44637848
V_min = 40.93327253
B = 67.33434032 GPa
[E-a0] coef = -17.6354166497 188.8328569669 -673.1837023688 790.9382047012 
[E-V ] coef = -0.0004841670 0.0645961726 -2.8545525493 33.6830698195 
