a0_min = 2.45619569
V_min = 14.81756233
B = 430.73592637 GPa
[E-a0] coef = -42.4933333334 341.1276190478 -906.6786314290 782.2097128575 
[E-V ] coef = -0.0112180284 0.5895130179 -10.0811956585 39.9888865344 
