a0_min = 2.52821218
V_min = 16.15974275
B = 202.72151000 GPa
[E-a0] coef = 50.4466145836 -367.8411383946 892.6182791714 -736.9888544613 
[E-V ] coef = 0.0055857328 -0.2315893655 3.1089198509 -29.5662874264 
