a0_min = 4.06911978
V_min = 67.37635104
B = 9.68041094 GPa
[E-a0] coef = -0.7615189169 10.3863025869 -46.6991315333 66.4601791377 
[E-V ] coef = -0.0000106143 0.0025944382 -0.2050550635 2.3864761114 
