a0_min = 4.06802437
V_min = 67.31699832
B = 4.83347453 GPa
[E-a0] coef = -0.3629927313 4.9742360458 -22.4493203281 31.9936367432 
[E-V ] coef = -0.0000052244 0.0012794541 -0.1012336158 1.1604574977 
