       N       E                     dE             d eps       ncg     rms          rms(c)
DAV:   1    -0.288054205782E+01   -0.28805E+01   -0.21424E-02   426   0.840E-01    0.185E-02
DAV:   2    -0.288054578230E+01   -0.37245E-05   -0.74561E-05   498   0.409E-02    0.125E-02
DAV:   3    -0.288054268090E+01    0.31014E-05   -0.31209E-06   438   0.100E-02    0.147E-03
DAV:   4    -0.288054254141E+01    0.13949E-06   -0.37199E-08   252   0.116E-03
   1 F= -.28805425E+01 E0= -.28800833E+01  d E =-.137765E-02
